3
153
173
198
221
230
272
276
296
336
366
369
384
401
468
491
494
509
517
581
600
628
651
712
732
778
862
903
924
975
1186
1190
1197
1208
1270
1309
1333
1391
1411
1527
1581
1639
1642
1712
1755
1757
1790
1810
1861
1868
1884
1975
2012
2036
2076
2084
2087
2106
2109
2174
2183
2207
2228
2253
2255
2263
2297
2310
2376
2395
2398
2492
2590
2627
2665
2715
2727
2734
2751
2758
2761
2848
2854
2903
2910
2915
3008
3038
3070
3100
3133
3161
3174
3201
3269
3287
3358
3380
3450
3459
3506
3548
3589
3708
3750
3798
3824
3825
3833
3837
3838
3852
3898
3949
3981
4001
4044
4048
4113
4136
4153
4156
4171
4181
4187
4188
4221
5488
5720
5843
5987
6120
6518
6557
6579
6913
6991
7029
7187
7250
7260
7422
7585
7668
7808
7886
7899
7916
8103
8125
8145
8289
8320
8378
8438
8449
8699
8772
8854
8857
9075
9417
9458
9462
9466
9527
9549
9712
9859
10077
10082
10106
10264
10326
10414
10415
10468
10477
10579
10598
10609
10673
10692
10696
10753
10768
10782
10854
10877
10934
10966
11106
11135
11211
11221
11266
11269
11291
11350
11366
11386
11405
11454
11464
11468
11560
11599
11624
11637
11655
11659
11664
11675
11740
11759
11848
11855
11861
11874
11905
11962
11969
12000
12092
12098
12107
12152
12158
12168
12189
12220
12235
12241
12259
12262
12318
12350
12359
12361
12429
12484
12520
12521
12537
12541
12570
12584
12598
12599
12656
12664
12680
12751
12780
12819
12846
12856
12858
12910
12923
13037
13064
13102
13122
13123
13125
13138
13163
13178
13199
13222
13225
13233
13288
13317
13360
13375
13413
13434
13451
13504
13511
13530
13545
13553
13556
13567
13587
13597
13619
13630
13673
13704
13705
13717
13757
13788
13813
13823
13840
13845
13865
13975
13980
14014
14015
14025
14050
14076
14137
14140
14141
14150
14171
14173
14207
14210
14243
14245
14291
14294
14315
14357
14408
14417
14454
14468
14483
14518
14534
14645
14702
14709
14725
14730
14778
14782
14783
14794
14818
14837
14895
14904
14911
14912
14959
15042
15074
15090
15093
15132
15155
15162
15167
15182
15228
15261
15273
15278
15311
15478
15490
15491
15530
15549
15589
15656
15692
15719
15757
15799
15803
15840
15869
15871
15888
15900
15910
15912
15924
15935
15953
15978
15988
16034
16066
16091
16109
16115
16128
16152
16155
16164
16173
16176
16207
16240
16254
16262
16302
16314
16329
16353
16379
16385
16417
16503
16534
16567
16572
16591
16616
16630
16635
16648
16674
16679
16683
16696
16708
16714
16721
16725
16734
16736
16738
16751
16778
16828
16833
16881
16894
16946
16970
16982
16998
17014
17045
17048
17051
17058
17061
17082
17099
17129
17190
17191
17203
17204
17234
17246
17274
17277
17280
17285
17298
17308
17350
17374
17380
17382
17387
17395
17445
17466
17504
17566
17608
17644
17646
17661
17669
17683
17756
17801
17811
17813
17838
17840
17844
17861
17945
17960
17977
17983
17997
17998
18017
18038
18045
18067
18089
18115
18122
18125
18130
18160
18185
18187
18236
18239
18249
18251
18284
18290
18302
18303
18307
18311
18319
18326
18338
18348
18365
18370
18445
18459
18467
18492
18565
18568
18599
18615
18661
18664
18703
18857
18874
18882
18931
18944
18952
18975
18982
19002
19017
19040
19063
19105
19108
19147
19152
19183
19203
19243
19254
19256
19265
19288
19299
19301
19344
19360
19369
19420
19518
19546
19548
19594
19606
19612
19614
19622
19639
19644
19652
19655
19706
19715
19750
19779
19820
19823
19828
19856
19916
19950
19972
19989
20018
20093
20141
20150
20168
20196
20199
20204
20209
20224
20276
20282
20305
20327
20330
20436
20439
20460
20466
20483
20507
20533
20536
20606
20647
20668
20686
20697
20698
20700
20780
20798
20811
20840
20855
20866
20877
20886
20915
20985
21003
21014
21046
21050
21099
21131
21146
21148
21194
21195
21207
21209
21280
21309
21320
21377
21431
21505
21509
21524
21536
21549
21557
21564
21597
21646
21682
21801
21836
21918
21953
21984
22068
22072
22108
22148
22169
22171
22179
22180
22193
22206
22208
22233
22239
22319
22355
22372
22419
22476
22482
22503
22525
22534
22554
22575
22619
22632
22643
22721
22778
22786
22801
22852
22860
22881
22928
22944
22948
22954
22968
23036
23042
23140
23156
23183
23196
23209
23219
23265
23281
23288
23351
23397
23438
23456
23482
23488
23509
23529
23532
23551
23555
23566
23569
23588
23594
23601
23612
23664
23668
25222
25226
25247
25276
25311
25320
25330
25365
25384
25385
25413
25425
25467
25512
25528
25543
25586
25597
25627
25628
25633
25661
25692
25735
25746
25750
25771
25783
25791
25798
25818
25819
25831
25864
25866
25905
25928
25948
25999
26000
26003
26008
26013
26024
26062
26066
26083
26098
26103
26105
26141
26153
26183
26195
26206
26220
26237
26251
26300
26328
26363
26366
26382
26407
26562
26590
26597
26607
26688
26709
26715
26716
26718
26734
26757
26785
26791
26795
26813
26845
26855
26885
26915
26938
26982
27000
27070
27076
27087
27102
27237
27252
30291
30357
30359
30785
30806
30906
31009
31261
31409
31501
31657
31746
31755
31776
31822
31916
31961
31962
31970
32057
32172
32175
32181
32568
33823
34621
35250
35452
35940
36694
37597
37686
38118
38353
39073
39671
39947
40043
40112
40127
40642
40646
40652
40673
40841
41552
42002
42197
42200
42292
42494
42515
42565
42780
42801
42817
43056
43168
43228
43463
44009
45751
46682
46730
46795
46801
46803
46805
46808
46838
46940
46964
47052
47092
47108
47114
47131
47147
47197
47238
47259
47365
47467
47479
47524
47527
47604
47715
47726
47742
47776
47779
47780
47799
47801
47840
47890
47918
47920
47958
48002
48009
48028
48041
48051
48056
48143
48144
48160
48197
48220
48226
48227
48294
48298
48303
48316
48355
48482
48499
48507
48544
48656
48711
48726
48752
48785
48868
48967
48983
49030
49126
49256
49325
49364
49421
49422
49439
49452
49456
49521
49524
49572
49632
49651
49661
49669
49681
49731
49749
49780
49813
49854
49860
49872
49876
49908
49919
49933
50013
50020
50026
50047
50048
50100
50124
50156
50174
50267
50299
50320
50361
50417
50442
50509
50533
50567
50609
50630
50650
50683
50686
50687
50710
50716
50719
50734
50769
50783
50802
50824
50939
50950
50951
50970
50974
50981
50993
51010
51020
51027
51034
51039
51045
51057
51134
51160
51161
51262
51266
51267
51268
51303
51321
51354
51368
51410
51431
51515
51548
52213
52500
52521
52668
52794
53109
53305
53319
53368
53683
54012
54047
54131
54971
56441
56819
57904
58828
60942
65940
66948
67368
67858
68523
70035
73822
79079
79625
79667
80234
82264
83335
86394
87402
87549
87906
87983
90461
93709
95872
98018
99378
100836
101818
103290
103374
104174
104202
104608
104762
104797
105135
105291
105382
105515
105564
105669
106026
106194
106411
106614
106691
106712
107062
107153
107496
107531
107762
108513
110202
110958
111119
111182
111224
111287
111343
111350
112360
113053
113265
113405
113538
113545
113692
114154
114485
114562
114681
114919
114933
114954
115031
115080
115185
115199
115255
115283
115297
115325
115353
115416
115922
115943
116104
116160
116477
116484
116596
116680
116806
116813
116820
116962
116983
117256
117319
117354
117564
117704
117977
119160
119356
119587
119867
119930
120980
121211
121360
122608
123140
123751
124502
125202
125370
125734
126511
126637
127437
127500
128428
130976
131160
131708
132016
132030
132366
132877
133087
133437
133747
133831
133985
134944
135322
135357
135980
135987
136491
137415
137597
137982
140838
141321
142056
142329
142371
142770
142896
142910
143106
143344
143449
143575
144116
144207
145194
145355
145614
145684
146048
147735
149305
149312
149620
151372
151722
152802
152844
152900
153964
155219
155583
155639
156318
156495
156509
156516
156572
156600
156670
156747
156803
156964
158938
159612
159661
160809
161322
161518
161674
161807
161933
163057
163225
163330
163526
163666
163787
163873
165408
165513
166229
168050
168134
168456
168743
168911
168918
169424
169508
170287
170357
170399
170574
170756
171017
171108
171297
171367
172440
172554
172862
172904
173368
173797
174749
174784
174891
175388
175437
175668
175899
176529
176718
176753
176795
176851
176928
177012
177089
177215
177257
177271
177334
177348
177476
177518
177735
178010
178299
178910
179787
179822
179871
179948
180193
180438
182676
184187
184194
184476
184679
185343
185632
185956
186154
186954
187796
187994
188493
189395
189852
191130
191165
191879
192576
199489
364124
433511
433525
434679
435796
436381
439769
440151
440431
440988
441307
445060
445102
445302
447081
447815
449055
449309
449365
449428
449456
449631
449687
449694
449806
449897
449974
450093
450184
450254
450282
450478
450499
450548
450590
450611
450725
450767
451140
452415
452751
454542
455064
455414
455463
455519
456055
456218
456906
457146
457694
457708
458095
458102
458193
458298
458312
461070
462817
463426
463512
463974
464228
464305
464354
464410
464895
464972
465056
465184
465977
466180
467150
467234
467642
468582
468899
470830
471823
471886
471907
471914
471942
471956
472280
472364
472590
472625
472632
472788
472844
472851
472886
472963
473117
473217
473343
473604
473667
473744
473793
473842
473905
474082
474203
474238
474415
474422
474513
474688
474786
474942
475075
475082
475194
475271
475397
475439
477847
478178
478283
478290
478325
478353
478409
478621
478705
478796
478873
478924
478966
479085
479120
479197
479318
479353
479409
479430
479600
479621
479635
479649
479684
480008
480148
480218
480225
480409
480444
480528
480598
480731
480852
480866
480873
481225
481330
481400
481731
481857
482027
482069
482449
484539
484821
484912
485066
485350
485518
486343
487394
487823
488182
488247
488268
488310
488345
488415
488457
488655
488830
489112
489522
489592
489634
489732
489753
489930
490000
490021
490056
490063
490142
490247
490261
490282
490331
490459
490515
490550
490557
490585
490713
490825
490874
490937
491086
491121
491170
491354
491389
491431
491480
491487
491522
491557
491613
491748
491825
492072
492128
492212
492219
492254
492354
492389
492417
492690
492776
492811
492825
492832
492846
492979
493014
493079
493121
493135
493254
493289
493317
493366
493387
493408
493473
493620
493627
493655
493697
493704
493790
494070
494198
494394
494401
494408
494550
494592
494613
494725
494788
494914
494986
495035
495147
495196
495282
495303
495310
495352
495422
495534
495555
495576
495611
495704
495993
496000
496021
496063
496084
496261
496296
496450
496641
496732
496746
496802
496823
496930
496937
496972
497140
497429
497450
497562
497583
497611
497618
497674
497688
497723
497751
497758
497900
498126
498133
498210
498231
498238
498450
498499
498597
498681
498781
498802
498816
499077
499147
499154
499217
499231
499245
499259
499266
499331
499459
499508
499739
499951
500224
500252
500373
500436
500457
500478
500527
500562
500583
500590
500618
500639
500681
500688
500709
500737
500851
500872
500907
500984
500998
501047
501075
501217
501231
501273
501371
501434
501441
501506
501576
501604
501688
501709
501872
501942
502012
502026
502098
502168
502266
502301
502308
502422
502436
502604
502625
502653
502695
503189
503203
503294
503429
503457
503485
503520
503555
503562
503604
503688
503760
503788
503809
504007
504049
504168
504175
504301
504394
504422
504765
504900
505082
505145
505266
505322
505737
505793
505807
505856
505877
505975
506355
506460
506546
506616
506665
506714
506721
506877
506905
507003
507129
507150
507201
508636
508762
508848
508883
509114
509177
509347
509361
509368
509417
509566
509608
509748
509769
509811
509960
510023
510086
510149
510221
510291
510305
510445
510466
510592
510613
511455
511469
511483
511497
511674
511702
511765
511821
511877
511898
512124
512180
512257
512278
512313
512399
512448
512618
512723
512758
513054
513082
513138
513145
513159
513264
513292
513334
513518
513560
513630
513651
513849
513926
514080
514108
514150
514222
514462
514511
514623
514707
514735
514828
515320
515334
515383
515714
515833
515854
515931
515994
516108
516150
516199
516227
516525
516567
516574
516637
516700
516798
516917
516952
517187
517208
517257
517306
517313
517376
517740
517747
518036
518248
518318
518395
518605
518740
518761
518789
518810
519064
519183
519304
519353
519402
519458
519642
519670
519691
519698
519775
519782
519810
520031
520038
520080
520087
520108
520206
520474
520833
520847
520903
520931
520938
520973
521015
521136
521243
521257
521320
521404
521411
521581
521672
521770
521812
521819
521996
522010
522038
522136
522178
522297
522362
522383
522572
522614
523024
523045
523052
523131
523173
523278
523334
523418
523511
523518
523553
523560
523644
523856
523919
523940
524082
524096
524222
524257
524397
524418
524462
524504
524567
524644
524658
524679
524693
524742
524891
524968
525033
525061
525124
525215
525420
525723
525772
525793
525842
525849
525863
525975
526087
526201
526334
526390
526439
526474
526495
526544
526572
526637
526686
526742
526912
526940
527124
527152
527257
527313
527411
527474
527523
527579
527614
527635
527670
527728
528045
528059
528066
528171
528269
528276
528446
528481
528495
528796
528854
528861
528924
528980
529050
529057
529164
529234
529255
529318
529458
529493
529544
529635
529649
529691
529796
529817
530045
530108
530171
530178
530255
530276
530325
530395
530586
530635
530670
530698
530782
530810
530901
530908
530992
531027
531146
531174
531181
531188
531223
531351
531358
531414
531435
531442
531514
531563
531647
531717
531829
531843
531850
531899
531920
531969
532081
532109
532209
532370
532377
532463
532568
532575
532582
532694
532715
532815
532892
533053
533060
533067
533207
533412
533587
533764
533806
533841
534002
534256
534270
534347
534361
534382
534459
534566
534594
534699
534741
534883
534946
535002
535100
535177
535205
535233
535431
535445
535543
535622
535629
535699
535867
535895
535986
536056
536063
536177
536345
536438
536487
536634
536662
536669
536739
536830
537014
537056
537240
537254
537352
537359
537366
537387
537485
537513
537548
537576
537646
537823
537858
537893
537963
537984
538033
538040
538047
538154
538231
538266
538280
538371
538413
538534
538555
538562
538660
538723
538730
538758
538793
538858
539054
539089
539103
539124
539194
539215
539222
539280
539497
539525
539553
539602
539653
539695
539716
539786
539870
539877
539975
540166
540173
540208
540348
540595
540609
540616
540672
540756
540791
540826
540910
540917
540924
540945
541192
541292
541355
541404
541453
541502
541579
541628
541770
541847
541926
541954
542045
542185
542437
542544
542628
542819
542826
542889
542938
542959
542966
543031
543087
543101
543136
543171
543178
543297
543360
543395
543437
543556
543584
543591
543626
543712
543775
543824
543966
543980
544078
544190
544204
544458
544479
544549
544612
544719
544740
544845
544887
544901
544915
545083
545090
545118
545146
545239
545330
545465
545549
545563
545584
545591
545710
545754
545817
545866
545873
545985
545999
546092
546113
546141
546155
546183
546253
546337
546344
546379
546393
546442
546589
546610
546617
546694
546757
546857
546969
546983
547004
547011
547025
547193
547235
547293
547356
547461
547496
547517
547538
547559
547631
547743
547969
547997
548067
548235
548286
548328
548377
548412
548538
548636
548792
548918
548939
548974
549079
549086
549107
549135
549340
549389
549396
549417
549587
549622
549657
549685
549692
549771
549827
549841
549855
549953
550058
550086
550170
550191
550219
550326
550333
550347
550410
550452
550552
550622
550636
550713
550811
551219
551226
551233
551282
551303
551310
551401
551436
551478
551662
551753
551767
551788
551853
551909
551993
552000
552107
552324
552345
552499
552534
552555
552718
552725
552746
552781
552893
552900
553033
553110
553217
553273
553336
553364
553371
553434
553560
553609
553751
553842
553856
553870
553891
553912
553961
554145
554159
554250
554271
554369
554383
554390
554397
554467
554551
554602
554735
554756
555085
555204
555218
555297
555332
555339
555346
555388
555395
555521
555549
555570
555633
555924
555959
556008
556080
556341
556348
556355
556397
556425
556446
556602
556637
556707
556847
556854
556961
556975
557010
557031
557080
557136
557248
557255
557269
557297
557416
557500
557703
557787
557899
557927
558081
558123
558130
558363
558524
558531
558566
558643
558771
558890
559137
559207
559228
559270
559298
559319
559382
559396
559417
559508
559734
559818
560077
560154
560210
560259
560385
560513
560667
560716
560809
560823
560830
560844
561061
561133
561343
561364
561511
561539
561604
561632
561639
561814
561912
562208
562236
562264
562292
562313
562432
562439
562653
563124
563159
563173
563187
563194
563208
563264
563348
563355
563441
563469
563581
563751
563779
563793
563884
563891
563975
564178
564220
564255
564460
564553
564560
564574
564630
564749
564791
564854
564861
564875
564917
565017
565045
565080
565402
565544
565691
565733
565810
565868
565896
565903
565973
566071
566078
566085
566211
566225
566232
566253
566295
566367
566395
566409
566717
566752
566801
566836
566913
566957
567062
567125
567160
567358
567442
567549
567654
567710
567817
567845
567971
568027
568197
568218
568225
568246
568400
568470
568556
568598
568633
568689
568864
569018
569102
569167
569251
569377
569391
569678
569771
569785
569890
569939
570002
570058
570072
570177
570205
570247
570438
570599
570713
570720
570762
570776
570909
571196
571343
571364
571399
571506
571513
571541
571569
571583
571597
571662
571767
571879
571907
571921
571942
571977
571998
572131
572145
572180
572187
572299
572320
572341
572553
572609
572791
572842
572975
572989
573017
573052
573059
573066
573073
573129
573222
573257
573320
573334
573474
573586
573635
573691
573719
573747
573768
573775
573831
574043
574099
574106
574134
574197
574416
574437
574586
574607
574628
574642
574670
574796
574866
574929
575027
575041
575097
575225
575232
575246
575316
575479
575563
575717
575745
575773
575780
575815
575885
575941
576032
576123
576144
576398
576405
576419
576440
576461
576468
576475
576531
576559
576601
576608
576650
576678
576713
576876
576897
576918
576946
577051
577149
577156
577198
577212
577247
577310
577324
577359
577373
577387
577550
577564
577606
577865
577879
577886
577949
577963
578035
578056
578203
578259
578301
578525
578667
578674
578681
578709
578716
578723
578730
578786
578835
579005
579012
579019
579033
579040
579061
579110
579187
579215
579362
579411
579614
579728
579749
579805
579952
580043
580465
580549
580598
580633
580647
580675
580759
580836
580885
580899
581076
581090
581223
581267
581288
581295
581351
581414
581421
581449
581652
581673
581750
581799
581813
581941
581969
581990
582004
582032
582088
582137
582158
582221
582307
582405
582412
582489
582524
582559
582629
582664
582699
582888
583002
583023
583107
583135
583142
583212
583296
583401
583557
583683
583697
583760
583872
583886
583958
584021
584028
584084
584112
584133
584168
584182
584210
584231
584245
584287
584301
584366
584415
584450
584471
584485
584499
584534
584548
584576
584625
584746
585026
585124
585217
585252
585266
585280
585420
585672
585686
585814
585821
585835
585884
586110
586306
586474
586481
586558
586572
586649
586782
587064
587071
587078
587099
587288
587381
587423
587430
587444
587472
587549
587591
587761
587768
587775
587789
587824
587852
587894
587901
587915
587936
587971
588139
588274
588281
588563
588633
588675
588724
588759
588773
588780
588808
588999
589048
589076
589132
589139
589209
589237
589244
589272
589673
589708
589722
589736
589743
589750
589829
589955
590067
590137
590151
590165
590193
590235
590242
590249
590270
590291
590361
590496
590643
591478
591597
591632
591723
591863
591919
591933
591989
591996
592003
592024
592229
592378
592469
592490
592567
592714
592756
592847
592980
593036
593143
593222
593243
593257
593292
593572
593635
593733
593761
593768
593847
593931
594024
594038
594045
594073
594080
594087
594094
594129
594157
594220
594227
594248
594262
594318
594353
594360
594374
594388
594514
594528
594600
594642
594656
594677
594698
594726
594768
594789
595001
595008
595015
595036
595134
595141
595190
595323
597661
597675
597710
598144
598179
598351
598372
598400
598708
598792
598820
598841
598848
598911
598918
598946
598974
599046
599060
599172
599300
599328
599447
599496
599510
599552
599566
599664
599699
599748
599755
599944
599993
600079
600128
600221
600242
600263
600270
600305
600375
600396
600417
600445
600508
600578
600620
600655
600676
600711
600753
600781
600795
600809
600844
600886
600930
601021
601042
601156
601170
601275
601387
601394
601408
601422
601499
601520
601632
601760
601816
601823
601837
601928
601970
602005
602019
602068
602159
602173
602180
602215
602222
602229
602287
602343
602399
602413
602455
602497
602518
602546
602595
602609
602637
602665
602749
602863
603075
603089
603117
603152
603222
603250
603313
603376
603593
603614
603663
603698
603705
603805
603945
604143
604164
604213
604248
604290
604297
604311
604332
604451
604493
604549
604698
605050
605141
605169
605190
605288
605302
605330
605358
605372
605449
605533
605540
605561
605589
605638
605659
605766
605880
605957
605978
606064
606169
606183
606267
606288
606386
606414
606421
606540
606610
606631
606645
606652
606673
606680
606722
606785
606799
606904
606918
606997
607137
607144
607158
607270
607589
607659
607792
607995
608072
608079
608156
608405
608489
608531
608538
608594
608841
608911
608995
609130
609165
609200
609207
609242
609277
609515
609557
609564
609613
609627
609662
609704
609753
609832
609888
609909
609930
609986
610007
610014
610021
610098
610168
610345
610373
610485
610506
610513
610690
610781
610816
610837
610888
610972
611007
611014
611056
611140
611168
611245
611287
611308
611548
611597
611788
611823
611837
611907
611914
611956
611963
612047
612054
612201
612208
612366
612408
612429
612627
612711
612732
612774
612795
612816
612844
612893
612944
613014
613028
613056
613084
613119
613140
613301
613350
613378
613450
613478
613485
613688
613893
613991
614138
614201
614306
614376
614530
614574
614616
614688
614891
615101
615304
615325
615733
616248
616290
616297
616353
616423
616479
616719
616768
616838
616845
616859
616887
616964
617041
617055
617190
617197
617323
617351
617400
617484
617491
617605
617675
618088
618279
618442
618484
618603
618617
619242
619298
619445
619480
619529
619601
619657
619664
619685
619783
619930
620121
620219
620275
620380
620515
620725
620795
620823
620991
621033
621047
621154
621203
621471
621835
622187
622208
622432
622446
622474
622495
622558
622707
622721
622749
622861
623001
623057
623113
623127
623141
623225
623297
623311
623437
623782
623854
623917
624008
624120
624148
624218
624225
624232
624253
625151
625258
625461
625468
625743
625764
625785
625799
625813
625820
625848
625862
625897
625904
625946
625960
625967
626256
626263
626389
626403
626557
626578
626585
626711
626830
626872
626914
626935
626942
626977
627068
627294
627364
627427
627560
627630
627644
627777
627884
627933
628080
628094
628311
628936
629584
629682
629745
629948
630004
630125
630370
630503
630708
630904
630946
630974
631270
631326
631459
631678
631860
632098
632126
632147
632252
632324
632527
633068
633075
633280
633527
633667
634353
634570
634761
635083
635167
635188
635365
635519
635540
635610
635652
635757
635806
635953
635974
636144
636193
636277
636284
636375
636382
636396
636587
636594
636671
636685
637058
637114
637331
637338
637459
637599
637613
637676
637725
637746
637802
638007
638196
638350
638413
638604
639040
639166
639201
639497
639581
639616
639763
639863
640038
640052
640115
640304
640453
640586
641169
641227
641241
641339
641640
641908
641992
642048
642083
642174
642286
642391
642489
642552
642566
642573
642692
642727
642925
643247
643261
643296
643352
643373
643818
643937
644021
644084
644133
644147
644515
644550
644900
645028
645049
645175
645786
646301
646455
646679
646721
646742
646821
646849
647026
647054
647082
647096
647180
647250
647320
647334
647469
647504
647630
647686
647730
647982
648362
648397
648714
648833
648938
649024
649059
649199
649213
649446
649985
649999
650050
650803
650957
651295
651351
651449
651575
651759
651836
651843
652090
652125
652286
652335
652405
652542
652584
652668
652696
652717
652808
653356
653370
653827
653997
654174
654547
654794
654857
655193
655214
655466
655538
655967
656221
656263
694786
